-2700000.0 1500000.0
-2700000.0 1700000.0
-2500000.0 1100000.0
-2500000.0 1300000.0
-2500000.0 1500000.0
-2500000.0 1700000.0
-2300000.0 900000.0
-2300000.0 1100000.0
-2300000.0 1300000.0
-2300000.0 1500000.0
-2100000.0 500000.0
-2100000.0 700000.0
-2100000.0 900000.0
-2100000.0 1100000.0
-2100000.0 1300000.0
-1900000.0 -500000.0
-1900000.0 -300000.0
-1900000.0 -100000.0
-1900000.0 100000.0
-1900000.0 300000.0
-1900000.0 500000.0
-1900000.0 700000.0
-1900000.0 900000.0
-1900000.0 1100000.0
-1700000.0 -700000.0
-1700000.0 -500000.0
-1700000.0 -300000.0
-1700000.0 -100000.0
-1700000.0 100000.0
-1700000.0 300000.0
-1700000.0 500000.0
-1700000.0 700000.0
-1700000.0 900000.0
-1700000.0 1100000.0
-1500000.0 -1100000.0
-1500000.0 -900000.0
-1500000.0 -700000.0
-1500000.0 -500000.0
-1500000.0 -300000.0
-1500000.0 -100000.0
-1500000.0 100000.0
-1500000.0 300000.0
-1500000.0 500000.0
-1500000.0 700000.0
-1500000.0 900000.0
-1300000.0 -1100000.0
-1300000.0 -900000.0
-1300000.0 -700000.0
-1300000.0 -500000.0
-1300000.0 -300000.0
-1300000.0 -100000.0
-1300000.0 100000.0
-1300000.0 300000.0
-1300000.0 500000.0
-1300000.0 700000.0
-1300000.0 900000.0
-1100000.0 -1300000.0
-1100000.0 -1100000.0
-1100000.0 -900000.0
-1100000.0 -700000.0
-1100000.0 -500000.0
-1100000.0 -300000.0
-1100000.0 -100000.0
-1100000.0 100000.0
-1100000.0 300000.0
-1100000.0 500000.0
-1100000.0 700000.0
-1100000.0 900000.0
-900000.0 -1300000.0
-900000.0 -1100000.0
-900000.0 -900000.0
-900000.0 -700000.0
-900000.0 -500000.0
-900000.0 -300000.0
-900000.0 -100000.0
-900000.0 100000.0
-900000.0 300000.0
-900000.0 500000.0
-900000.0 700000.0
-900000.0 900000.0
-900000.0 1100000.0
-700000.0 -1300000.0
-700000.0 -1100000.0
-700000.0 -900000.0
-700000.0 -700000.0
-700000.0 -500000.0
-700000.0 -300000.0
-700000.0 -100000.0
-700000.0 100000.0
-700000.0 300000.0
-700000.0 500000.0
-700000.0 700000.0
-700000.0 900000.0
-700000.0 1100000.0
-700000.0 1300000.0
-700000.0 1500000.0
-700000.0 1700000.0
-700000.0 1900000.0
-500000.0 -1300000.0
-500000.0 -1100000.0
-500000.0 -900000.0
-500000.0 -700000.0
-500000.0 -500000.0
-500000.0 -300000.0
-500000.0 -100000.0
-500000.0 100000.0
-500000.0 300000.0
-500000.0 500000.0
-500000.0 700000.0
-500000.0 900000.0
-500000.0 1100000.0
-500000.0 1300000.0
-500000.0 1500000.0
-500000.0 1700000.0
-500000.0 1900000.0
-500000.0 2100000.0
-300000.0 -1300000.0
-300000.0 -1100000.0
-300000.0 -900000.0
-300000.0 -700000.0
-300000.0 -500000.0
-300000.0 -300000.0
-300000.0 -100000.0
-300000.0 100000.0
-300000.0 300000.0
-300000.0 500000.0
-300000.0 700000.0
-300000.0 900000.0
-300000.0 1100000.0
-300000.0 1300000.0
-300000.0 1500000.0
-300000.0 1700000.0
-300000.0 1900000.0
-300000.0 2100000.0
-100000.0 -1300000.0
-100000.0 -1100000.0
-100000.0 -900000.0
-100000.0 -700000.0
-100000.0 -500000.0
-100000.0 -300000.0
-100000.0 -100000.0
-100000.0 100000.0
-100000.0 300000.0
-100000.0 500000.0
-100000.0 700000.0
-100000.0 900000.0
-100000.0 1100000.0
-100000.0 1300000.0
-100000.0 1500000.0
-100000.0 1700000.0
-100000.0 1900000.0
-100000.0 2100000.0
-100000.0 2300000.0
100000.0 -1300000.0
100000.0 -1100000.0
100000.0 -900000.0
100000.0 -700000.0
100000.0 -500000.0
100000.0 -300000.0
100000.0 -100000.0
100000.0 100000.0
100000.0 300000.0
100000.0 500000.0
100000.0 700000.0
100000.0 900000.0
100000.0 1100000.0
100000.0 1300000.0
100000.0 1500000.0
100000.0 1700000.0
100000.0 1900000.0
100000.0 2100000.0
100000.0 2300000.0
300000.0 -1900000.0
300000.0 -1700000.0
300000.0 -1300000.0
300000.0 -1100000.0
300000.0 -900000.0
300000.0 -700000.0
300000.0 -500000.0
300000.0 -300000.0
300000.0 -100000.0
300000.0 100000.0
300000.0 300000.0
300000.0 500000.0
300000.0 700000.0
300000.0 900000.0
300000.0 1100000.0
300000.0 1300000.0
300000.0 1500000.0
300000.0 1700000.0
300000.0 1900000.0
300000.0 2100000.0
300000.0 2300000.0
500000.0 -2100000.0
500000.0 -1900000.0
500000.0 -1700000.0
500000.0 -1500000.0
500000.0 -1300000.0
500000.0 -1100000.0
500000.0 -900000.0
500000.0 -700000.0
500000.0 -500000.0
500000.0 -300000.0
500000.0 -100000.0
500000.0 100000.0
500000.0 300000.0
500000.0 500000.0
500000.0 700000.0
500000.0 900000.0
500000.0 1100000.0
500000.0 1300000.0
500000.0 1500000.0
500000.0 1700000.0
500000.0 1900000.0
500000.0 2100000.0
500000.0 2300000.0
700000.0 -2100000.0
700000.0 -1900000.0
700000.0 -1700000.0
700000.0 -1500000.0
700000.0 -1300000.0
700000.0 -1100000.0
700000.0 -900000.0
700000.0 -700000.0
700000.0 -500000.0
700000.0 -300000.0
700000.0 -100000.0
700000.0 100000.0
700000.0 300000.0
700000.0 500000.0
700000.0 700000.0
700000.0 900000.0
700000.0 1100000.0
700000.0 1300000.0
700000.0 1500000.0
700000.0 1700000.0
700000.0 1900000.0
700000.0 2100000.0
700000.0 2300000.0
900000.0 -2100000.0
900000.0 -1900000.0
900000.0 -1700000.0
900000.0 -1500000.0
900000.0 -1300000.0
900000.0 -1100000.0
900000.0 -900000.0
900000.0 -700000.0
900000.0 -500000.0
900000.0 -300000.0
900000.0 -100000.0
900000.0 100000.0
900000.0 300000.0
900000.0 500000.0
900000.0 700000.0
900000.0 900000.0
900000.0 1100000.0
900000.0 1300000.0
900000.0 1500000.0
900000.0 1700000.0
900000.0 1900000.0
900000.0 2100000.0
1100000.0 -2100000.0
1100000.0 -1900000.0
1100000.0 -1700000.0
1100000.0 -1500000.0
1100000.0 -1300000.0
1100000.0 -1100000.0
1100000.0 -900000.0
1100000.0 -700000.0
1100000.0 -500000.0
1100000.0 -300000.0
1100000.0 -100000.0
1100000.0 100000.0
1100000.0 300000.0
1100000.0 500000.0
1100000.0 700000.0
1100000.0 900000.0
1100000.0 1100000.0
1100000.0 1300000.0
1100000.0 1500000.0
1100000.0 1700000.0
1100000.0 1900000.0
1100000.0 2100000.0
1300000.0 -2100000.0
1300000.0 -1900000.0
1300000.0 -1700000.0
1300000.0 -1500000.0
1300000.0 -1300000.0
1300000.0 -1100000.0
1300000.0 -900000.0
1300000.0 -700000.0
1300000.0 -500000.0
1300000.0 -300000.0
1300000.0 -100000.0
1300000.0 100000.0
1300000.0 300000.0
1300000.0 500000.0
1300000.0 700000.0
1300000.0 900000.0
1300000.0 1100000.0
1300000.0 1300000.0
1300000.0 1500000.0
1300000.0 1700000.0
1300000.0 1900000.0
1300000.0 2100000.0
1500000.0 -2100000.0
1500000.0 -1900000.0
1500000.0 -1700000.0
1500000.0 -1500000.0
1500000.0 -1300000.0
1500000.0 -1100000.0
1500000.0 -900000.0
1500000.0 -700000.0
1500000.0 -500000.0
1500000.0 -300000.0
1500000.0 -100000.0
1500000.0 100000.0
1500000.0 300000.0
1500000.0 500000.0
1500000.0 700000.0
1500000.0 900000.0
1500000.0 1100000.0
1500000.0 1300000.0
1500000.0 1500000.0
1500000.0 1700000.0
1500000.0 1900000.0
1700000.0 -2100000.0
1700000.0 -1900000.0
1700000.0 -1700000.0
1700000.0 -1500000.0
1700000.0 -1300000.0
1700000.0 -1100000.0
1700000.0 -900000.0
1700000.0 -700000.0
1700000.0 -500000.0
1700000.0 -300000.0
1700000.0 -100000.0
1700000.0 100000.0
1700000.0 300000.0
1700000.0 500000.0
1700000.0 700000.0
1700000.0 900000.0
1700000.0 1100000.0
1700000.0 1300000.0
1700000.0 1500000.0
1700000.0 1700000.0
1900000.0 -1900000.0
1900000.0 -1700000.0
1900000.0 -1500000.0
1900000.0 -1300000.0
1900000.0 -1100000.0
1900000.0 -900000.0
1900000.0 -700000.0
1900000.0 -500000.0
1900000.0 -300000.0
1900000.0 -100000.0
1900000.0 100000.0
1900000.0 300000.0
1900000.0 500000.0
1900000.0 700000.0
1900000.0 900000.0
1900000.0 1100000.0
1900000.0 1300000.0
1900000.0 1500000.0
1900000.0 1700000.0
2100000.0 -1700000.0
2100000.0 -1500000.0
2100000.0 -1300000.0
2100000.0 -1100000.0
2100000.0 -900000.0
2100000.0 -700000.0
2100000.0 -500000.0
2100000.0 -300000.0
2100000.0 -100000.0
2100000.0 100000.0
2100000.0 300000.0
2100000.0 500000.0
2100000.0 700000.0
2100000.0 900000.0
2100000.0 1100000.0
2100000.0 1300000.0
2100000.0 1500000.0
2100000.0 1700000.0
2300000.0 -1300000.0
2300000.0 -1100000.0
2300000.0 -900000.0
2300000.0 -700000.0
2300000.0 -500000.0
2300000.0 -300000.0
2300000.0 -100000.0
2300000.0 100000.0
2300000.0 300000.0
2300000.0 500000.0
2300000.0 700000.0
2300000.0 900000.0
2300000.0 1100000.0
2300000.0 1300000.0
2300000.0 1500000.0
2500000.0 -1100000.0
2500000.0 -900000.0
2500000.0 -700000.0
2500000.0 -500000.0
2500000.0 -300000.0
2500000.0 -100000.0
2500000.0 100000.0
2500000.0 300000.0
2500000.0 500000.0
2700000.0 -700000.0
2700000.0 -500000.0
2700000.0 -300000.0
2700000.0 -100000.0
2700000.0 100000.0
2700000.0 300000.0
